Socket REUTERS connected!
Socket BBG connected!
Socket EBS connected!
{"0":"15:34:22","1":"EURUSD","2":"1.1278282854770292","3":"1.1516763273475954","4":"","provider":"reu"}
{"0":"15:34:22","1":"EURUSD","2":"1.0505707259227997","3":"1.8436426994454749","4":"","provider":"ebs"}
{"0":"15:34:22","1":"EURUSD","2":"1.5045477268160443","3":"1.7611011572119235","4":"","provider":"bbg"}
Checked data
EURUSD, S, 15:34:22 1.1517
{"0":"15:34:23","1":"EURUSD","2":"1.2990403376826103","3":"1.9064694158003657","4":"","provider":"bbg"}
{"0":"15:34:23","1":"EURUSD","2":"1.546713924692382","3":"1.8243676200286691","4":"","provider":"reu"}
{"0":"15:34:23","1":"EURUSD","2":"1.6215759809755161","3":"1.8842277774234424","4":"","provider":"ebs"}
Checked data
{"0":"15:34:24","1":"EURUSD","2":"1.2056738566943994","3":"1.7101147405805741","4":"","provider":"bbg"}
{"0":"15:34:24","1":"EURUSD","2":"1.1051939367370887","3":"1.2210375845626684","4":"","provider":"reu"}
{"0":"15:34:24","1":"EURUSD","2":"1.8047487779233715","3":"1.9166846841189704","4":"","provider":"ebs"}
Checked data
EURUSD, S, 15:34:24 1.2210
{"0":"15:34:25","1":"EURUSD","2":"1.7258349122138941","3":"1.9625581650548489","4":"","provider":"bbg"}
{"0":"15:34:25","1":"EURUSD","2":"1.0430131865055645","3":"1.4503201989300676","4":"","provider":"reu"}
{"0":"15:34:25","1":"EURUSD","2":"1.59676217578459","3":"1.8990260722460346","4":"","provider":"ebs"}
Checked data
EURUSD, S, 15:34:25 1.4503
{"0":"15:34:26","1":"EURUSD","2":"1.4623577147220548","3":"1.6717462731218977","4":"","provider":"bbg"}
{"0":"15:34:26","1":"EURUSD","2":"1.0384335307811901","3":"1.9145618795454318","4":"","provider":"reu"}
{"0":"15:34:26","1":"EURUSD","2":"1.1336561924146418","3":"1.5356181747106943","4":"","provider":"ebs"}
Checked data
EURUSD, S, 15:34:26 1.5356
{"0":"15:34:27","1":"EURUSD","2":"1.5868517823600834","3":"1.9291677723286418","4":"","provider":"bbg"}
{"0":"15:34:27","1":"EURUSD","2":"1.3854887032944077","3":"1.5419255429364456","4":"","provider":"reu"}
{"0":"15:34:27","1":"EURUSD","2":"1.1398660785987356","3":"1.7544801036600366","4":"","provider":"ebs"}
Checked data
EURUSD, S, 15:34:27 1.5419
{"0":"15:34:28","1":"EURUSD","2":"1.1020572752299729","3":"1.2000329189937062","4":"","provider":"bbg"}
{"0":"15:34:28","1":"EURUSD","2":"1.4244165128638824","3":"1.6821791473475929","4":"","provider":"reu"}
{"0":"15:34:28","1":"EURUSD","2":"1.3102125827385236","3":"1.8765913116047299","4":"","provider":"ebs"}
Checked data
EURUSD, S, 15:34:28 1.2000
{"0":"15:34:29","1":"EURUSD","2":"1.146819667386421","3":"1.3262787656162418","4":"","provider":"bbg"}
{"0":"15:34:29","1":"EURUSD","2":"1.2683379607197585","3":"1.669253194043733","4":"","provider":"reu"}
{"0":"15:34:29","1":"EURUSD","2":"1.31904952394828","3":"1.8313158028986136","4":"","provider":"ebs"}
Checked data
EURUSD, S, 15:34:29 1.3263
{"0":"15:34:30","1":"EURUSD","2":"1.4377109834921504","3":"1.5951430128252349","4":"","provider":"bbg"}
{"0":"15:34:30","1":"EURUSD","2":"1.4589677565101016","3":"1.4879782526704308","4":"","provider":"reu"}
{"0":"15:34:30","1":"EURUSD","2":"1.0989993592632596","3":"1.7363063656921471","4":"","provider":"ebs"}
Checked data
{"0":"15:34:31","1":"EURUSD","2":"1.0272824687568711","3":"1.8276628940789057","4":"","provider":"bbg"}
{"0":"15:34:31","1":"EURUSD","2":"1.0914996839529731","3":"1.1018553716039481","4":"","provider":"reu"}
{"0":"15:34:31","1":"EURUSD","2":"1.3212583337368584","3":"1.4991946327308925","4":"","provider":"ebs"}
Checked data
EURUSD, S, 15:34:31 1.1019
{"0":"15:34:32","1":"EURUSD","2":"1.13077538534995","3":"1.6813250698855282","4":"","provider":"bbg"}
{"0":"15:34:32","1":"EURUSD","2":"1.6931123718218899","3":"1.7328560121470749","4":"","provider":"reu"}
{"0":"15:34:32","1":"EURUSD","2":"1.4352227592130502","3":"1.6643583017763386","4":"","provider":"ebs"}
Checked data
EURUSD, S, 15:34:30 1.4880
{"0":"15:34:33","1":"EURUSD","2":"1.9500734101685844","3":"1.9986623837100406","4":"","provider":"bbg"}
{"0":"15:34:33","1":"EURUSD","2":"1.4203072725537358","3":"1.7794568957049788","4":"","provider":"reu"}
{"0":"15:34:33","1":"EURUSD","2":"1.8076713345332991","3":"1.8910578449891031","4":"","provider":"ebs"}
Checked data
EURUSD, S, 15:34:31 1.4992
EURUSD, S, 15:34:32 1.6644
{"0":"15:34:34","1":"EURUSD","2":"1.8828013063884799","3":"1.9803753222386531","4":"","provider":"bbg"}
{"0":"15:34:34","1":"EURUSD","2":"1.1665738031176776","3":"1.5936746886976678","4":"","provider":"reu"}
{"0":"15:34:34","1":"EURUSD","2":"1.6345355628048406","3":"1.9532836396438726","4":"","provider":"ebs"}
Checked data
EURUSD, S, 15:34:34 1.5937
{"0":"15:34:35","1":"EURUSD","2":"1.1776343806708347","3":"1.2823449235262521","4":"","provider":"bbg"}
{"0":"15:34:35","1":"EURUSD","2":"1.2441181878511562","3":"1.9857042096028235","4":"","provider":"reu"}
{"0":"15:34:35","1":"EURUSD","2":"1.7905320793432606","3":"1.945609781571028","4":"","provider":"ebs"}
Checked data
EURUSD, S, 15:34:35 1.2823
{"0":"15:34:36","1":"EURUSD","2":"1.2511659885870487","3":"1.80805016385573","4":"","provider":"bbg"}
{"0":"15:34:36","1":"EURUSD","2":"1.1772557246407318","3":"1.3646616638262881","4":"","provider":"reu"}
{"0":"15:34:36","1":"EURUSD","2":"1.2924565942923296","3":"1.6744964629535635","4":"","provider":"ebs"}
Checked data
EURUSD, S, 15:34:36 1.3647
{"0":"15:34:37","1":"EURUSD","2":"1.0508574601609708","3":"1.2656071025811753","4":"","provider":"bbg"}
{"0":"15:34:37","1":"EURUSD","2":"1.0380649952583454","3":"1.4343367011431967","4":"","provider":"reu"}
{"0":"15:34:37","1":"EURUSD","2":"1.0456461063104219","3":"1.3052513132679588","4":"","provider":"ebs"}
Checked data
EURUSD, S, 15:34:37 1.2656
{"0":"15:34:38","1":"EURUSD","2":"1.8732221777521849","3":"1.887371901038287","4":"","provider":"bbg"}
{"0":"15:34:38","1":"EURUSD","2":"1.2810285775594834","3":"1.4113946743772077","4":"","provider":"reu"}
{"0":"15:34:38","1":"EURUSD","2":"1.4545830231705481","3":"1.9641474415040583","4":"","provider":"ebs"}
Checked data
EURUSD, S, 15:34:37 1.3053
EURUSD, S, 15:34:38 1.4114
{"0":"15:34:39","1":"EURUSD","2":"1.2345619386152611","3":"1.3365793386744698","4":"","provider":"bbg"}
{"0":"15:34:39","1":"EURUSD","2":"1.0991058415788644","3":"1.8027618832384777","4":"","provider":"reu"}
{"0":"15:34:39","1":"EURUSD","2":"1.6682163892101052","3":"1.9849113004356591","4":"","provider":"ebs"}
Checked data
EURUSD, S, 15:34:39 1.3366
{"0":"15:34:40","1":"EURUSD","2":"1.3630334525202636","3":"1.5306877185570971","4":"","provider":"bbg"}
{"0":"15:34:40","1":"EURUSD","2":"1.1872864088968886","3":"1.8315079768265705","4":"","provider":"reu"}
{"0":"15:34:40","1":"EURUSD","2":"1.0811931993044175","3":"1.4881806385740637","4":"","provider":"ebs"}
Checked data
{"0":"15:34:41","1":"EURUSD","2":"1.5593141716265566","3":"1.6658821035351905","4":"","provider":"bbg"}
{"0":"15:34:41","1":"EURUSD","2":"1.3364171610195421","3":"1.7932566831607262","4":"","provider":"reu"}
{"0":"15:34:41","1":"EURUSD","2":"1.1862088230898822","3":"1.8826653710258856","4":"","provider":"ebs"}
Checked data
EURUSD, S, 15:34:37 1.4343
{"0":"15:34:42","1":"EURUSD","2":"1.575683029160428","3":"1.9591490399628628","4":"","provider":"bbg"}
{"0":"15:34:42","1":"EURUSD","2":"1.1976467878073176","3":"1.1976722092011387","4":"","provider":"reu"}
{"0":"15:34:42","1":"EURUSD","2":"1.895042330265742","3":"1.9609067518680308","4":"","provider":"ebs"}
Checked data
EURUSD, S, 15:34:42 1.1977
EURUSD, S, 15:34:40 1.4882
{"0":"15:34:43","1":"EURUSD","2":"1.2038305664554416","3":"1.485343118005106","4":"","provider":"bbg"}
{"0":"15:34:43","1":"EURUSD","2":"1.0957040853943658","3":"1.5898891124469605","4":"","provider":"reu"}
{"0":"15:34:43","1":"EURUSD","2":"1.6549921338770597","3":"1.8192624507356143","4":"","provider":"ebs"}
Checked data
EURUSD, S, 15:34:43 1.4853
{"0":"15:34:44","1":"EURUSD","2":"1.0765459353649627","3":"1.835056824712094","4":"","provider":"bbg"}
{"0":"15:34:44","1":"EURUSD","2":"1.05016143961286","3":"1.1947158543081664","4":"","provider":"reu"}
{"0":"15:34:44","1":"EURUSD","2":"1.6766939885855416","3":"1.9385835408650114","4":"","provider":"ebs"}
Checked data
EURUSD, S, 15:34:44 1.1947
{"0":"15:34:45","1":"EURUSD","2":"1.3498743865274565","3":"1.8158349226668045","4":"","provider":"bbg"}
{"0":"15:34:45","1":"EURUSD","2":"1.6351578939839291","3":"1.7310076117983177","4":"","provider":"reu"}
{"0":"15:34:45","1":"EURUSD","2":"1.7659902956046614","3":"1.8503636850136185","4":"","provider":"ebs"}
Checked data
EURUSD, S, 15:34:43 1.5899
{"0":"15:34:46","1":"EURUSD","2":"1.1805821880895588","3":"1.1821150873641133","4":"","provider":"bbg"}
{"0":"15:34:46","1":"EURUSD","2":"1.0640725405912232","3":"1.9161695864472224","4":"","provider":"reu"}
{"0":"15:34:46","1":"EURUSD","2":"1.0274832591326417","3":"1.1862075716043483","4":"","provider":"ebs"}
Checked data
EURUSD, S, 15:34:46 1.1821
EURUSD, S, 15:34:46 1.1862
{"0":"15:34:47","1":"EURUSD","2":"1.1748059680122835","3":"1.7632361826359269","4":"","provider":"bbg"}
{"0":"15:34:47","1":"EURUSD","2":"1.1203489346051614","3":"1.7371581517978956","4":"","provider":"reu"}
{"0":"15:34:47","1":"EURUSD","2":"1.2624265029744828","3":"1.5141013562747259","4":"","provider":"ebs"}
Checked data
{"0":"15:34:48","1":"EURUSD","2":"1.5450279558549576","3":"1.5799150367915511","4":"","provider":"bbg"}
{"0":"15:34:48","1":"EURUSD","2":"1.5199145736189723","3":"1.8842118998086841","4":"","provider":"reu"}
{"0":"15:34:48","1":"EURUSD","2":"1.0369203289220885","3":"1.819079328158046","4":"","provider":"ebs"}
Checked data
EURUSD, S, 15:34:47 1.5141
{"0":"15:34:49","1":"EURUSD","2":"1.7679676598508034","3":"1.922265056858925","4":"","provider":"bbg"}
{"0":"15:34:49","1":"EURUSD","2":"1.0669295328374107","3":"1.8692268003128665","4":"","provider":"reu"}
{"0":"15:34:49","1":"EURUSD","2":"1.546839569514745","3":"1.7444032487436574","4":"","provider":"ebs"}
Checked data
EURUSD, S, 15:34:48 1.5799
{"0":"15:34:50","1":"EURUSD","2":"1.308848647628801","3":"1.5718391575250317","4":"","provider":"bbg"}
{"0":"15:34:50","1":"EURUSD","2":"1.4632435158092238","3":"1.8101321036574345","4":"","provider":"reu"}
{"0":"15:34:50","1":"EURUSD","2":"1.2636166158288222","3":"1.8170047318108415","4":"","provider":"ebs"}
Checked data
{"0":"15:34:51","1":"EURUSD","2":"1.2492345561250136","3":"1.8651834362489192","4":"","provider":"bbg"}
{"0":"15:34:51","1":"EURUSD","2":"1.6381623746617548","3":"1.7014120970457478","4":"","provider":"reu"}
{"0":"15:34:51","1":"EURUSD","2":"1.2996896256724098","3":"1.8386892322118431","4":"","provider":"ebs"}
Checked data
EURUSD, S, 15:34:50 1.5718
{"0":"15:34:52","1":"EURUSD","2":"1.2316694922216822","3":"1.9657713673384574","4":"","provider":"bbg"}
{"0":"15:34:52","1":"EURUSD","2":"1.3074656367004422","3":"1.8168189769889769","4":"","provider":"reu"}
{"0":"15:34:52","1":"EURUSD","2":"1.2523623093022871","3":"1.7202042565990807","4":"","provider":"ebs"}
Checked data
{"0":"15:34:53","1":"EURUSD","2":"1.1586813882744056","3":"1.6054684682290374","4":"","provider":"bbg"}
{"0":"15:34:53","1":"EURUSD","2":"1.4344836361863553","3":"1.7431350169256661","4":"","provider":"reu"}
{"0":"15:34:53","1":"EURUSD","2":"1.4728157428607367","3":"1.7524432492777178","4":"","provider":"ebs"}
Checked data
{"0":"15:34:54","1":"EURUSD","2":"1.0790317671662091","3":"1.2487185744126073","4":"","provider":"bbg"}
{"0":"15:34:54","1":"EURUSD","2":"1.8597408750257443","3":"1.9491392189550412","4":"","provider":"reu"}
{"0":"15:34:54","1":"EURUSD","2":"1.2138267763165891","3":"1.3721064145114017","4":"","provider":"ebs"}
Checked data
EURUSD, S, 15:34:54 1.2487
EURUSD, S, 15:34:54 1.3721
{"0":"15:34:55","1":"EURUSD","2":"1.8231418641895261","3":"1.8628959028909682","4":"","provider":"bbg"}
{"0":"15:34:55","1":"EURUSD","2":"1.0576585051545733","3":"1.2781799126201063","4":"","provider":"reu"}
{"0":"15:34:55","1":"EURUSD","2":"1.2333785889924962","3":"1.5692229287677417","4":"","provider":"ebs"}
Checked data
EURUSD, S, 15:34:55 1.2782
{"0":"15:34:56","1":"EURUSD","2":"1.5968862408187277","3":"1.9932968534295679","4":"","provider":"bbg"}
{"0":"15:34:56","1":"EURUSD","2":"1.0685086479046708","3":"1.2049193639991298","4":"","provider":"reu"}
{"0":"15:34:56","1":"EURUSD","2":"1.2422424195234287","3":"1.5951698695094918","4":"","provider":"ebs"}
Checked data
EURUSD, S, 15:34:56 1.2049
{"0":"15:34:57","1":"EURUSD","2":"1.1553002257252367","3":"1.5412765550360974","4":"","provider":"bbg"}
{"0":"15:34:57","1":"EURUSD","2":"1.9112517192296945","3":"1.9178206261946265","4":"","provider":"reu"}
{"0":"15:34:57","1":"EURUSD","2":"1.3869901039373382","3":"1.860619659473413","4":"","provider":"ebs"}
Checked data
EURUSD, S, 15:34:57 1.5413
{"0":"15:34:58","1":"EURUSD","2":"1.068821532535408","3":"1.3901104667663178","4":"","provider":"bbg"}
{"0":"15:34:58","1":"EURUSD","2":"1.7122321189151868","3":"1.7596132125761927","4":"","provider":"reu"}
{"0":"15:34:58","1":"EURUSD","2":"1.7196463182553647","3":"1.7208858147862522","4":"","provider":"ebs"}
Checked data
EURUSD, S, 15:34:58 1.3901
EURUSD, S, 15:34:55 1.5692
{"0":"15:34:59","1":"EURUSD","2":"1.1467236814265189","3":"1.35618323111246","4":"","provider":"bbg"}
{"0":"15:34:59","1":"EURUSD","2":"1.8263196741307874","3":"1.8589521342137512","4":"","provider":"reu"}
{"0":"15:34:59","1":"EURUSD","2":"1.8818009344619253","3":"1.9370818212452938","4":"","provider":"ebs"}
Checked data
EURUSD, S, 15:34:59 1.3562
EURUSD, S, 15:34:56 1.5952
{"0":"15:35:00","1":"EURUSD","2":"1.2991622840179442","3":"1.8096377445069742","4":"","provider":"bbg"}
{"0":"15:35:00","1":"EURUSD","2":"1.1010426875750658","3":"1.9924788693300388","4":"","provider":"reu"}
{"0":"15:35:00","1":"EURUSD","2":"1.2475241984272376","3":"1.9433344027603652","4":"","provider":"ebs"}
Checked data
{"0":"15:35:01","1":"EURUSD","2":"1.0387021894680823","3":"1.8158778239424251","4":"","provider":"bbg"}
{"0":"15:35:01","1":"EURUSD","2":"1.206722676256146","3":"1.4637765331356705","4":"","provider":"reu"}
{"0":"15:35:01","1":"EURUSD","2":"1.321221370560874","3":"1.6460238165142962","4":"","provider":"ebs"}
Checked data
{"0":"15:35:02","1":"EURUSD","2":"1.3265331734462471","3":"1.6962004193805278","4":"","provider":"bbg"}
{"0":"15:35:02","1":"EURUSD","2":"1.570769822900199","3":"1.9027909086517227","4":"","provider":"reu"}
{"0":"15:35:02","1":"EURUSD","2":"1.369089749712209","3":"1.9406873526971919","4":"","provider":"ebs"}
Checked data
EURUSD, S, 15:35:01 1.4638
{"0":"15:35:03","1":"EURUSD","2":"1.5341321169885145","3":"1.8980345540272536","4":"","provider":"bbg"}
{"0":"15:35:03","1":"EURUSD","2":"1.3627763804866926","3":"1.3939038527565453","4":"","provider":"reu"}
{"0":"15:35:03","1":"EURUSD","2":"1.3641930907332305","3":"1.8297666209066672","4":"","provider":"ebs"}
Checked data
EURUSD, S, 15:35:03 1.3939
{"0":"15:35:04","1":"EURUSD","2":"1.8650195873213873","3":"1.962303356465424","4":"","provider":"bbg"}
{"0":"15:35:04","1":"EURUSD","2":"1.3799978150825711","3":"1.6624346064331803","4":"","provider":"reu"}
{"0":"15:35:04","1":"EURUSD","2":"1.3037040851065798","3":"1.8013610444363835","4":"","provider":"ebs"}
Checked data
EURUSD, S, 15:35:01 1.6460
{"0":"15:35:05","1":"EURUSD","2":"1.0261998079516279","3":"1.4270718006107521","4":"","provider":"bbg"}
{"0":"15:35:05","1":"EURUSD","2":"1.0398607722317574","3":"1.4437092058073122","4":"","provider":"reu"}
{"0":"15:35:05","1":"EURUSD","2":"1.1201704630855787","3":"1.4614595020654897","4":"","provider":"ebs"}
Checked data
{"0":"15:35:06","1":"EURUSD","2":"1.4493941172382803","3":"1.8876454733707388","4":"","provider":"bbg"}
{"0":"15:35:06","1":"EURUSD","2":"1.8234323915707402","3":"1.8557228326926469","4":"","provider":"reu"}
{"0":"15:35:06","1":"EURUSD","2":"1.4602602881525009","3":"1.6952387867208454","4":"","provider":"ebs"}
Checked data
EURUSD, S, 15:35:05 1.4271
EURUSD, S, 15:35:05 1.4437
{"0":"15:35:07","1":"EURUSD","2":"1.1147390360769083","3":"1.9735036677342239","4":"","provider":"bbg"}
{"0":"15:35:07","1":"EURUSD","2":"1.3030382053832001","3":"1.869634497115614","4":"","provider":"reu"}
{"0":"15:35:07","1":"EURUSD","2":"1.1808176013940437","3":"1.5313594643100501","4":"","provider":"ebs"}
Checked data
{"0":"15:35:08","1":"EURUSD","2":"1.1041270685895079","3":"1.4785894594754996","4":"","provider":"bbg"}
{"0":"15:35:08","1":"EURUSD","2":"1.3092673403009634","3":"1.7767216629844711","4":"","provider":"reu"}
{"0":"15:35:08","1":"EURUSD","2":"1.4442567729249702","3":"1.7814383911998068","4":"","provider":"ebs"}
Checked data
{"0":"15:35:09","1":"EURUSD","2":"1.196738210014392","3":"1.9095382836097876","4":"","provider":"bbg"}
{"0":"15:35:09","1":"EURUSD","2":"1.7931725550135398","3":"1.8293683453002991","4":"","provider":"reu"}
{"0":"15:35:09","1":"EURUSD","2":"1.2031812468580909","3":"1.7666007543787678","4":"","provider":"ebs"}
Checked data
EURUSD, S, 15:35:08 1.4786
{"0":"15:35:10","1":"EURUSD","2":"1.1219499690805468","3":"1.2109231603501025","4":"","provider":"bbg"}
{"0":"15:35:10","1":"EURUSD","2":"1.6294418467791845","3":"1.92638443892637","4":"","provider":"reu"}
{"0":"15:35:10","1":"EURUSD","2":"1.3396128617054031","3":"1.5120481486602468","4":"","provider":"ebs"}
Checked data
EURUSD, S, 15:35:10 1.2109
{"0":"15:35:11","1":"EURUSD","2":"1.1537749043257051","3":"1.9589932430082733","4":"","provider":"bbg"}
{"0":"15:35:11","1":"EURUSD","2":"1.5531641188037479","3":"1.9373009978450839","4":"","provider":"reu"}
{"0":"15:35:11","1":"EURUSD","2":"1.2628018835673935","3":"1.6809354922395938","4":"","provider":"ebs"}
Checked data
EURUSD, S, 15:35:10 1.5120
{"0":"15:35:12","1":"EURUSD","2":"1.0558330891056711","3":"1.1733529421210673","4":"","provider":"bbg"}
{"0":"15:35:12","1":"EURUSD","2":"1.3065636152864335","3":"1.3107388824804485","4":"","provider":"reu"}
{"0":"15:35:12","1":"EURUSD","2":"1.0424064641512949","3":"1.7366864768947408","4":"","provider":"ebs"}
Checked data
EURUSD, S, 15:35:12 1.1734
{"0":"15:35:13","1":"EURUSD","2":"1.8834947309800691","3":"1.9959439313273957","4":"","provider":"bbg"}
{"0":"15:35:13","1":"EURUSD","2":"1.8246146201204638","3":"1.9432358930074267","4":"","provider":"reu"}
{"0":"15:35:13","1":"EURUSD","2":"1.5959865713159784","3":"1.8322300530147397","4":"","provider":"ebs"}
Checked data
EURUSD, S, 15:35:12 1.3107
EURUSD, S, 15:35:11 1.6809
{"0":"15:35:14","1":"EURUSD","2":"1.4160701792149615","3":"1.7467259789391354","4":"","provider":"reu"}
{"0":"15:35:14","1":"EURUSD","2":"1.4914117538552152","3":"1.6073173196389796","4":"","provider":"bbg"}
{"0":"15:35:14","1":"EURUSD","2":"1.4291903721501189","3":"1.7085061435776905","4":"","provider":"ebs"}
Checked data
{"0":"15:35:15","1":"EURUSD","2":"1.2002210958432922","3":"1.7342490986386203","4":"","provider":"bbg"}
{"0":"15:35:15","1":"EURUSD","2":"1.8195792593119537","3":"1.9538380691403234","4":"","provider":"reu"}
{"0":"15:35:15","1":"EURUSD","2":"1.0707589684599199","3":"1.6033176209686744","4":"","provider":"ebs"}
Checked data
EURUSD, S, 15:35:15 1.6033
{"0":"15:35:16","1":"EURUSD","2":"1.151353651364901","3":"1.4776338734283301","4":"","provider":"bbg"}
{"0":"15:35:16","1":"EURUSD","2":"1.121388296628532","3":"1.9846633041723281","4":"","provider":"reu"}
{"0":"15:35:16","1":"EURUSD","2":"1.8395892629180803","3":"1.8637782727135126","4":"","provider":"ebs"}
Checked data
EURUSD, S, 15:35:16 1.4776
{"0":"15:35:17","1":"EURUSD","2":"1.0613191728960429","3":"1.2919956477603829","4":"","provider":"reu"}
{"0":"15:35:17","1":"EURUSD","2":"1.0896595364095876","3":"1.472072275079229","4":"","provider":"bbg"}
{"0":"15:35:17","1":"EURUSD","2":"1.1838288595117545","3":"1.6077401906910542","4":"","provider":"ebs"}
Checked data
EURUSD, S, 15:35:17 1.2920
{"0":"15:35:18","1":"EURUSD","2":"1.051917256086311","3":"1.6641656073943025","4":"","provider":"reu"}
{"0":"15:35:18","1":"EURUSD","2":"1.5399621911873718","3":"1.6138869308579082","4":"","provider":"bbg"}
{"0":"15:35:18","1":"EURUSD","2":"1.2253271974175193","3":"1.852406428145275","4":"","provider":"ebs"}
Checked data
EURUSD, S, 15:35:17 1.4721
{"0":"15:35:19","1":"EURUSD","2":"1.3280177391214276","3":"1.9612557463070766","4":"","provider":"reu"}
{"0":"15:35:19","1":"EURUSD","2":"1.5585544115890355","3":"1.8331439146493231","4":"","provider":"bbg"}
{"0":"15:35:19","1":"EURUSD","2":"1.390708167067551","3":"1.977990316423283","4":"","provider":"ebs"}
Checked data
{"0":"15:35:20","1":"EURUSD","2":"1.400786878448858","3":"1.8930455863923603","4":"","provider":"bbg"}
{"0":"15:35:20","1":"EURUSD","2":"1.2795260410542482","3":"1.6088745333623629","4":"","provider":"reu"}
{"0":"15:35:20","1":"EURUSD","2":"1.1596619411873614","3":"1.2899931364796697","4":"","provider":"ebs"}
Checked data
EURUSD, S, 15:35:20 1.2900
{"0":"15:35:21","1":"EURUSD","2":"1.3102973731200369","3":"1.4071494690330151","4":"","provider":"bbg"}
{"0":"15:35:21","1":"EURUSD","2":"1.3514430773435611","3":"1.6516392475577515","4":"","provider":"reu"}
{"0":"15:35:21","1":"EURUSD","2":"1.439659959512577","3":"1.5074273938455789","4":"","provider":"ebs"}
Checked data
EURUSD, S, 15:35:21 1.4071
{"0":"15:35:22","1":"EURUSD","2":"1.741207126832047","3":"1.8850244958151015","4":"","provider":"bbg"}
{"0":"15:35:22","1":"EURUSD","2":"1.0142641210619674","3":"1.9817771209888388","4":"","provider":"reu"}
{"0":"15:35:22","1":"EURUSD","2":"1.3560482358845696","3":"1.5298199182397316","4":"","provider":"ebs"}
Checked data
EURUSD, S, 15:35:21 1.5074
{"0":"15:35:23","1":"EURUSD","2":"1.077978202354346","3":"1.0904573279625251","4":"","provider":"bbg"}
{"0":"15:35:23","1":"EURUSD","2":"1.0628415371668614","3":"1.205446784524637","4":"","provider":"reu"}
{"0":"15:35:23","1":"EURUSD","2":"1.2982533089276658","3":"1.7960244313844718","4":"","provider":"ebs"}
Checked data
EURUSD, S, 15:35:23 1.0905
EURUSD, S, 15:35:23 1.2054
{"0":"15:35:24","1":"EURUSD","2":"1.3882893355374488","3":"1.6675013743439806","4":"","provider":"bbg"}
{"0":"15:35:24","1":"EURUSD","2":"1.2561657899841472","3":"1.9410170807508202","4":"","provider":"reu"}
{"0":"15:35:24","1":"EURUSD","2":"1.20049037285398","3":"1.9189356942595976","4":"","provider":"ebs"}
Checked data
{"0":"15:35:25","1":"EURUSD","2":"1.8828029762093328","3":"1.9392190807499847","4":"","provider":"bbg"}
{"0":"15:35:25","1":"EURUSD","2":"1.0521054813355524","3":"1.5258824616826745","4":"","provider":"reu"}
{"0":"15:35:25","1":"EURUSD","2":"1.1490730077726083","3":"1.4118355859059606","4":"","provider":"ebs"}
Checked data
EURUSD, S, 15:35:25 1.4118
{"0":"15:35:26","1":"EURUSD","2":"1.0758673105072836","3":"1.1088324528261644","4":"","provider":"bbg"}
{"0":"15:35:26","1":"EURUSD","2":"1.0288678476125606","3":"1.3551800881051714","4":"","provider":"reu"}
{"0":"15:35:26","1":"EURUSD","2":"1.385452972907474","3":"1.8438320383842677","4":"","provider":"ebs"}
Checked data
EURUSD, S, 15:35:26 1.1088
EURUSD, S, 15:35:26 1.3552
{"0":"15:35:27","1":"EURUSD","2":"1.4425190707621054","3":"1.8689577742499406","4":"","provider":"bbg"}
{"0":"15:35:27","1":"EURUSD","2":"1.3326023889186147","3":"1.9520710315633205","4":"","provider":"reu"}
{"0":"15:35:27","1":"EURUSD","2":"1.6164297229233824","3":"1.7691961289008904","4":"","provider":"ebs"}
Checked data
EURUSD, S, 15:35:25 1.5259
{"0":"15:35:28","1":"EURUSD","2":"1.4974054204641336","3":"1.8261513851860336","4":"","provider":"bbg"}
{"0":"15:35:28","1":"EURUSD","2":"1.6564505178540818","3":"1.690228891919908","4":"","provider":"reu"}
{"0":"15:35:28","1":"EURUSD","2":"1.098959209750346","3":"1.8652956778421728","4":"","provider":"ebs"}
Checked data
{"0":"15:35:29","1":"EURUSD","2":"1.050121254394647","3":"1.6867165304738436","4":"","provider":"bbg"}
{"0":"15:35:29","1":"EURUSD","2":"1.041659382405852","3":"1.7070740060232343","4":"","provider":"reu"}
{"0":"15:35:29","1":"EURUSD","2":"1.4916359446538796","3":"1.7224904554468443","4":"","provider":"ebs"}
Checked data
{"0":"15:35:30","1":"EURUSD","2":"1.4865883606716253","3":"1.7099148411670813","4":"","provider":"bbg"}
{"0":"15:35:30","1":"EURUSD","2":"1.2871681310537815","3":"1.8234574372595156","4":"","provider":"reu"}
{"0":"15:35:30","1":"EURUSD","2":"1.0857160651330733","3":"1.3494763310408433","4":"","provider":"ebs"}
Checked data
EURUSD, S, 15:35:30 1.3495
{"0":"15:35:31","1":"EURUSD","2":"1.5778628347370423","3":"1.8646913837387502","4":"","provider":"bbg"}
{"0":"15:35:31","1":"EURUSD","2":"1.0421859890999421","3":"1.4628238780877034","4":"","provider":"reu"}
{"0":"15:35:31","1":"EURUSD","2":"1.332500677951777","3":"1.4119085540656577","4":"","provider":"ebs"}
Checked data
EURUSD, S, 15:35:31 1.4119
EURUSD, S, 15:35:31 1.4628
{"0":"15:35:32","1":"EURUSD","2":"1.2145789576399582","3":"1.8675355579963115","4":"","provider":"bbg"}
{"0":"15:35:32","1":"EURUSD","2":"1.460221027971758","3":"1.4748420534559616","4":"","provider":"reu"}
{"0":"15:35:32","1":"EURUSD","2":"1.5028114779273039","3":"1.6974993162700736","4":"","provider":"ebs"}
Checked data
EURUSD, S, 15:35:32 1.4748
{"0":"15:35:33","1":"EURUSD","2":"1.6315946237420591","3":"1.738214783507894","4":"","provider":"bbg"}
{"0":"15:35:33","1":"EURUSD","2":"1.303586858854064","3":"1.4709131960786646","4":"","provider":"reu"}
{"0":"15:35:33","1":"EURUSD","2":"1.1409025750461734","3":"1.6634973119670908","4":"","provider":"ebs"}
Checked data
EURUSD, S, 15:35:33 1.4709
{"0":"15:35:34","1":"EURUSD","2":"1.4923053156785198","3":"1.5344208327680073","4":"","provider":"bbg"}
{"0":"15:35:34","1":"EURUSD","2":"1.4319985682239695","3":"1.6527743098061212","4":"","provider":"reu"}
{"0":"15:35:34","1":"EURUSD","2":"1.3860825288320169","3":"1.6493742106743687","4":"","provider":"ebs"}
Checked data
{"0":"15:35:35","1":"EURUSD","2":"1.2381544965800539","3":"1.9220528305473925","4":"","provider":"bbg"}
{"0":"15:35:35","1":"EURUSD","2":"1.3714443371754403","3":"1.9741551206831101","4":"","provider":"reu"}
{"0":"15:35:35","1":"EURUSD","2":"1.0343263603338333","3":"1.8367483407260377","4":"","provider":"ebs"}
Checked data
{"0":"15:35:36","1":"EURUSD","2":"1.2766897311722887","3":"1.4472727998522918","4":"","provider":"bbg"}
{"0":"15:35:36","1":"EURUSD","2":"1.0645646994077469","3":"1.308433113113074","4":"","provider":"reu"}
{"0":"15:35:36","1":"EURUSD","2":"1.3298705154653407","3":"1.5986060062040124","4":"","provider":"ebs"}
Checked data
EURUSD, S, 15:35:36 1.3084
EURUSD, S, 15:35:36 1.4473
{"0":"15:35:37","1":"EURUSD","2":"1.153579932328157","3":"1.573191642020153","4":"","provider":"reu"}
{"0":"15:35:37","1":"EURUSD","2":"1.1502129356132931","3":"1.3514804074271181","4":"","provider":"bbg"}
{"0":"15:35:37","1":"EURUSD","2":"1.3161925979501534","3":"1.8328095048794917","4":"","provider":"ebs"}
Checked data
EURUSD, S, 15:35:37 1.3515
{"0":"15:35:38","1":"EURUSD","2":"1.0351978963282884","3":"1.6650635714805011","4":"","provider":"bbg"}
{"0":"15:35:38","1":"EURUSD","2":"1.7060778899033928","3":"1.8920529381068714","4":"","provider":"reu"}
{"0":"15:35:38","1":"EURUSD","2":"1.3301153519284032","3":"1.7584873138228578","4":"","provider":"ebs"}
Checked data
EURUSD, S, 15:35:37 1.5732
{"0":"15:35:39","1":"EURUSD","2":"1.6520480588928317","3":"1.8432766811007653","4":"","provider":"bbg"}
{"0":"15:35:39","1":"EURUSD","2":"1.8712754872033921","3":"1.9804878301840889","4":"","provider":"reu"}
{"0":"15:35:39","1":"EURUSD","2":"1.2198101274809725","3":"1.2709653437471897","4":"","provider":"ebs"}
Checked data
EURUSD, S, 15:35:39 1.2710
EURUSD, S, 15:35:36 1.5986
{"0":"15:35:40","1":"EURUSD","2":"1.3884195785057256","3":"1.8966110741337221","4":"","provider":"bbg"}
{"0":"15:35:40","1":"EURUSD","2":"1.2565906731136263","3":"1.6032027467379955","4":"","provider":"reu"}
{"0":"15:35:40","1":"EURUSD","2":"1.292283544898496","3":"1.9248385671098656","4":"","provider":"ebs"}
Checked data
{"0":"15:35:41","1":"EURUSD","2":"1.1438840720821299","3":"1.9522958902936001","4":"","provider":"bbg"}
{"0":"15:35:41","1":"EURUSD","2":"1.0773377871691647","3":"1.540536459547857","4":"","provider":"reu"}
{"0":"15:35:41","1":"EURUSD","2":"1.069068671950963","3":"1.4965996033066664","4":"","provider":"ebs"}
Checked data
{"0":"15:35:42","1":"EURUSD","2":"1.0369824473434859","3":"1.279860463755629","4":"","provider":"bbg"}
{"0":"15:35:42","1":"EURUSD","2":"1.1569262105073095","3":"1.8069091052342077","4":"","provider":"reu"}
{"0":"15:35:42","1":"EURUSD","2":"1.0965329430080073","3":"1.1868321403901676","4":"","provider":"ebs"}
Checked data
EURUSD, S, 15:35:42 1.1868
EURUSD, S, 15:35:42 1.2799
{"0":"15:35:43","1":"EURUSD","2":"1.8264599911387984","3":"1.9625045721288013","4":"","provider":"bbg"}
{"0":"15:35:43","1":"EURUSD","2":"1.0777397374842683","3":"1.1201150834617621","4":"","provider":"reu"}
{"0":"15:35:43","1":"EURUSD","2":"1.3295004667361328","3":"1.6412380748761874","4":"","provider":"ebs"}
Checked data
EURUSD, S, 15:35:43 1.1201
{"0":"15:35:44","1":"EURUSD","2":"1.0981685846095484","3":"1.9491336439725679","4":"","provider":"reu"}
{"0":"15:35:44","1":"EURUSD","2":"1.1549253541007896","3":"1.7594822910824512","4":"","provider":"bbg"}
{"0":"15:35:44","1":"EURUSD","2":"1.1871391936064444","3":"1.1974219398888555","4":"","provider":"ebs"}
Checked data
EURUSD, S, 15:35:44 1.1974
{"0":"15:35:45","1":"EURUSD","2":"1.5409454876576798","3":"1.7719658363993194","4":"","provider":"reu"}
{"0":"15:35:45","1":"EURUSD","2":"1.1307658302358776","3":"1.9395864308956201","4":"","provider":"bbg"}
{"0":"15:35:45","1":"EURUSD","2":"1.0156363658103911","3":"1.5911882210600621","4":"","provider":"ebs"}
Checked data
EURUSD, S, 15:35:41 1.5405
{"0":"15:35:46","1":"EURUSD","2":"1.1200330866210981","3":"1.3344061241939345","4":"","provider":"reu"}
{"0":"15:35:46","1":"EURUSD","2":"1.3127786338133149","3":"1.5279076401083933","4":"","provider":"bbg"}
{"0":"15:35:46","1":"EURUSD","2":"1.0896488983933326","3":"1.801263845248452","4":"","provider":"ebs"}
Checked data
{"0":"15:35:47","1":"EURUSD","2":"1.4733482797781239","3":"1.764449771719149","4":"","provider":"reu"}
{"0":"15:35:47","1":"EURUSD","2":"1.1129125245217439","3":"1.5488657320111203","4":"","provider":"bbg"}
{"0":"15:35:47","1":"EURUSD","2":"1.2488406579047289","3":"1.3900049484489196","4":"","provider":"ebs"}
Checked data
EURUSD, S, 15:35:46 1.3344
{"0":"15:35:48","1":"EURUSD","2":"1.2445157160763718","3":"1.5734630492878829","4":"","provider":"reu"}
{"0":"15:35:48","1":"EURUSD","2":"1.0390248185134519","3":"1.2284730390721927","4":"","provider":"bbg"}
{"0":"15:35:48","1":"EURUSD","2":"1.5964282553398732","3":"1.8589729335349787","4":"","provider":"ebs"}
Checked data
EURUSD, S, 15:35:48 1.2285
{"0":"15:35:49","1":"EURUSD","2":"1.0220987487362001","3":"1.2447226528721429","4":"","provider":"reu"}
{"0":"15:35:49","1":"EURUSD","2":"1.0369500576874837","3":"1.2276432754980284","4":"","provider":"bbg"}
{"0":"15:35:49","1":"EURUSD","2":"1.3795122854165154","3":"1.5863671845864806","4":"","provider":"ebs"}
Checked data
EURUSD, S, 15:35:49 1.2276
EURUSD, S, 15:35:49 1.2447
{"0":"15:35:50","1":"EURUSD","2":"1.2906628945590306","3":"1.5423160937483416","4":"","provider":"reu"}
{"0":"15:35:50","1":"EURUSD","2":"1.3931974402016769","3":"1.5282447568944266","4":"","provider":"bbg"}
{"0":"15:35:50","1":"EURUSD","2":"1.8085646910374862","3":"1.8456550487275432","4":"","provider":"ebs"}
Checked data
EURUSD, S, 15:35:47 1.3900
{"0":"15:35:51","1":"EURUSD","2":"1.1034331778334843","3":"1.2361747345633707","4":"","provider":"reu"}
{"0":"15:35:51","1":"EURUSD","2":"1.0685138196478339","3":"1.556855465464128","4":"","provider":"bbg"}
{"0":"15:35:51","1":"EURUSD","2":"1.2796131120992562","3":"1.9201546186550735","4":"","provider":"ebs"}
Checked data
EURUSD, S, 15:35:51 1.2362
{"0":"15:35:52","1":"EURUSD","2":"1.0241221440160131","3":"1.8670888814644768","4":"","provider":"reu"}
{"0":"15:35:52","1":"EURUSD","2":"1.6072435468536719","3":"1.7995835530493163","4":"","provider":"bbg"}
{"0":"15:35:52","1":"EURUSD","2":"1.245126849958148","3":"1.8482460045039617","4":"","provider":"ebs"}
Checked data
EURUSD, S, 15:35:50 1.5282
{"0":"15:35:53","1":"EURUSD","2":"1.3005894992859894","3":"1.519931801496059","4":"","provider":"reu"}
{"0":"15:35:53","1":"EURUSD","2":"1.4617233911913332","3":"1.6791540747995193","4":"","provider":"bbg"}
{"0":"15:35:53","1":"EURUSD","2":"1.5433132711776409","3":"1.8047680077017734","4":"","provider":"ebs"}
Checked data
EURUSD, S, 15:35:53 1.5199
{"0":"15:35:54","1":"EURUSD","2":"1.1998107397090405","3":"1.580851606274883","4":"","provider":"reu"}
{"0":"15:35:54","1":"EURUSD","2":"1.5628070170589816","3":"1.9673234529733195","4":"","provider":"bbg"}
{"0":"15:35:54","1":"EURUSD","2":"1.1335345449290282","3":"1.8126012637322622","4":"","provider":"ebs"}
Checked data
EURUSD, S, 15:35:50 1.5423
{"0":"15:35:55","1":"EURUSD","2":"1.1315967542763123","3":"1.8573698076860743","4":"","provider":"reu"}
{"0":"15:35:55","1":"EURUSD","2":"1.3967209750791034","3":"1.7068195349566586","4":"","provider":"bbg"}
{"0":"15:35:55","1":"EURUSD","2":"1.4049891262478444","3":"1.8977624768354264","4":"","provider":"ebs"}
Checked data
{"0":"15:35:56","1":"EURUSD","2":"1.1607907133255466","3":"1.8880458353748111","4":"","provider":"bbg"}
{"0":"15:35:56","1":"EURUSD","2":"1.3328362087061898","3":"1.8411696525386452","4":"","provider":"reu"}
{"0":"15:35:56","1":"EURUSD","2":"1.0565782258066212","3":"1.8508886289983084","4":"","provider":"ebs"}
Checked data
{"0":"15:35:57","1":"EURUSD","2":"1.3559067662402655","3":"1.5220308953182464","4":"","provider":"bbg"}
{"0":"15:35:57","1":"EURUSD","2":"1.065714102916536","3":"1.6267736127054655","4":"","provider":"reu"}
{"0":"15:35:57","1":"EURUSD","2":"1.3538766791281025","3":"1.5758804667291904","4":"","provider":"ebs"}
Checked data
{"0":"15:35:58","1":"EURUSD","2":"1.0466970928387855","3":"1.5385066134578131","4":"","provider":"reu"}
{"0":"15:35:58","1":"EURUSD","2":"1.0671003946392781","3":"1.1543194734468982","4":"","provider":"bbg"}
{"0":"15:35:58","1":"EURUSD","2":"1.4127001252785614","3":"1.7599280947173517","4":"","provider":"ebs"}
Checked data
EURUSD, S, 15:35:58 1.1543
{"0":"15:35:59","1":"EURUSD","2":"1.1947691819603117","3":"1.251048298849804","4":"","provider":"bbg"}
{"0":"15:35:59","1":"EURUSD","2":"1.0447578819455354","3":"1.1680136939921697","4":"","provider":"reu"}
{"0":"15:35:59","1":"EURUSD","2":"1.2521106627337275","3":"1.6414634974342979","4":"","provider":"ebs"}
Checked data
EURUSD, S, 15:35:59 1.1680
EURUSD, S, 15:35:59 1.2510
{"0":"15:36:00","1":"EURUSD","2":"1.6502030622693802","3":"1.7151767692233073","4":"","provider":"reu"}
{"0":"15:36:00","1":"EURUSD","2":"1.2060078098544262","3":"1.7930990402759976","4":"","provider":"bbg"}
{"0":"15:36:00","1":"EURUSD","2":"1.3786057306531267","3":"1.8537157575460008","4":"","provider":"ebs"}
Checked data
EURUSD, S, 15:35:58 1.5385
{"0":"15:36:01","1":"EURUSD","2":"1.3107719832713569","3":"1.4910822830243111","4":"","provider":"bbg"}
{"0":"15:36:01","1":"EURUSD","2":"1.1600649711784137","3":"1.6482820542025585","4":"","provider":"reu"}
{"0":"15:36:01","1":"EURUSD","2":"1.5320384933276201","3":"1.6560256271034053","4":"","provider":"ebs"}
Checked data
EURUSD, S, 15:36:01 1.4911
